To_x = 0.0
To_y = 0.0
To_z = 0.0
Ro_x = 0.0
Ro_y = 0.0
Roz = -45.0
Tcx = 0.0
Tcy = 35.213314056396484
Tcz = 10.484821319580078
Rcx = -101.99999782945225
Rcy = 0.0
Rcz = -179.999991348578
