To_x = 0.0
To_y = 0.0
To_z = 0.0
Ro_x = 0.0
Ro_y = 0.0
Roz = -15.0
Tcx = 0.0
Tcy = 34.426971435546875
Tcz = 13.525381088256836
Rcx = -106.99999683022507
Rcy = 0.0
Rcz = -179.999991348578
