To_x = 0.0
To_y = 0.0
To_z = 0.0
Ro_x = 0.0
Ro_y = 0.0
Roz = 30.0
Tcx = 0.0
Tcy = 35.97806930541992
Tcz = 4.256381988525391
Rcx = -91.99999982790662
Rcy = 0.0
Rcz = -179.999991348578
