To_x = 0.0
To_y = 0.0
To_z = 1.9
Ro_x = 0.0
Ro_y = 0.0
Roz = -120.0
Tcx = 0.0
Tcy = 31.17691421508789
Tcz = 21.0
Rcx = -119.99999833034789
Rcy = 0.0
Rcz = -179.999991348578
