To_x = 0.0
To_y = 0.0
To_z = 1.9
Ro_x = 0.0
Ro_y = 0.0
Roz = -120.0
Tcx = 0.0
Tcy = 23.14035415649414
Tcz = 30.577600479125977
Rcx = -140.0000045787229
Rcy = 0.0
Rcz = -179.999991348578
