To_x = 0.0
To_y = 0.0
To_z = 1.9
Ro_x = 0.0
Ro_y = 0.0
Roz = 30.0
Tcx = 0.0
Tcy = 27.577600479125977
Tcz = 26.14035415649414
Rcx = -129.9999997469881
Rcy = 0.0
Rcz = -179.999991348578
