To_x = 0.0
To_y = 0.0
To_z = 1.9
Ro_x = 0.0
Ro_y = 0.0
Roz = 150.0
Tcx = 0.0
Tcy = 30.570695877075195
Tcz = 20.649999618530273
Rcx = -119.99999833034789
Rcy = 0.0
Rcz = -179.999991348578
