To_x = 0.0
To_y = 0.0
To_z = 1.9
Ro_x = 0.0
Ro_y = 0.0
Roz = 150.0
Tcx = 0.0
Tcy = 33.17115020751953
Tcz = 15.073310852050781
Rcx = -110.00000032880226
Rcy = 0.0
Rcz = -179.999991348578
