To_x = 0.0
To_y = 0.0
To_z = 1.9
Ro_x = 0.0
Ro_y = 0.0
Roz = 0.0
Tcx = 0.0
Tcy = 34.76371383666992
Tcz = 9.129780769348145
Rcx = -100.00000232725664
Rcy = 0.0
Rcz = -179.999991348578
