To_x = 0.0
To_y = 0.0
To_z = 1.9
Ro_x = 0.0
Ro_y = 0.0
Roz = 30.0
Tcx = 0.0
Tcy = 27.04136848449707
Tcz = 25.69040298461914
Rcx = -129.9999997469881
Rcy = 0.0
Rcz = -179.999991348578
