To_x = 0.0
To_y = 0.0
To_z = 0.0
Ro_x = 0.0
Ro_y = 0.0
Roz = 50.0
Tcx = 0.0
Tcy = 35.86301040649414
Tcz = 6.137606620788574
Rcx = -95.00000332648382
Rcy = 0.0
Rcz = -179.999991348578
