To_x = 0.0
To_y = 0.0
To_z = 0.0
Ro_x = 0.0
Ro_y = 0.0
Roz = 80.0
Tcx = 0.0
Tcy = 35.45307922363281
Tcz = 9.251334190368652
Rcx = -100.00000232725664
Rcy = 0.0
Rcz = -179.999991348578
