To_x = 0.0
To_y = 0.0
To_z = 0.0
Ro_x = 0.0
Ro_y = 0.0
Roz = 40.0
Tcx = 0.0
Tcy = 32.627079010009766
Tcz = 18.214258193969727
Rcx = -114.99999932957508
Rcy = 0.0
Rcz = -179.999991348578
