To_x = 0.0
To_y = 0.0
To_z = 0.0
Ro_x = 0.0
Ro_y = 0.0
Roz = 90.0
Tcx = 0.0
Tcy = 36.0
Tcz = 3.0
Rcx = -89.99999749552184
Rcy = 0.0
Rcz = -179.999991348578
