To_x = 0.0
To_y = 0.0
To_z = 0.0
Ro_x = 0.0
Ro_y = 0.0
Roz = 20.0
Tcx = 0.0
Tcy = 34.77333068847656
Tcz = 12.317485809326172
Rcx = -105.00000132802944
Rcy = 0.0
Rcz = -179.999991348578
