To_x = 0.0
To_y = 0.0
To_z = 0.0
Ro_x = 0.0
Ro_y = 0.0
Roz = 45.0
Tcx = 0.0
Tcy = 32.076236724853516
Tcz = 19.343658447265625
Rcx = -117.00000166195987
Rcy = 0.0
Rcz = -179.999991348578
