To_x = 0.0
To_y = 0.0
To_z = 0.0
Ro_x = 0.0
Ro_y = 0.0
Roz = -30.0
Tcx = 0.0
Tcy = 33.37862014770508
Tcz = 16.485837936401367
Rcx = -112.00000266118705
Rcy = 0.0
Rcz = -179.999991348578
