To_x = 0.0
To_y = 0.0
To_z = 2.0
Ro_x = 0.0
Ro_y = 0.0
Roz = 0.0
Tcx = 0.0
Tcy = 29.489473342895508
Tcz = 23.648752212524414
Rcx = -125.00000074621528
Rcy = 0.0
Rcz = -179.999991348578
