To_x = 0.0
To_y = 0.0
To_z = 2.0
Ro_x = 0.0
Ro_y = 0.0
Roz = 0.0
Tcx = 0.0
Tcy = 25.45584487915039
Tcz = 28.45584487915039
Rcx = -134.9999987477609
Rcy = 0.0
Rcz = -179.999991348578
