To_x = 0.0
To_y = 0.0
To_z = 2.0
Ro_x = 0.0
Ro_y = 0.0
Roz = 0.0
Tcx = 0.0
Tcy = 33.82893371582031
Tcz = 15.312725067138672
Rcx = -110.00000032880226
Rcy = 0.0
Rcz = -179.999991348578
