To_x = 0.0
To_y = 0.0
To_z = 1.9
Ro_x = 0.0
Ro_y = 0.0
Roz = 90.0
Tcx = 0.0
Tcy = 17.649999618530273
Tcz = 33.57069778442383
Rcx = -149.99999916517396
Rcy = 0.0
Rcz = -179.999991348578
