To_x = 0.0
To_y = 0.0
To_z = 1.9
Ro_x = 0.0
Ro_y = 0.0
Roz = 0.0
Tcx = 0.0
Tcy = 22.69040298461914
Tcz = 30.04136848449707
Rcx = -140.0000045787229
Rcy = 0.0
Rcz = -179.999991348578
